$ 1 0.00000125 21.593987231061412 47 5 50 5e-11
g 448 224 448 272 0 0
c 96 64 96 224 0 2.2000000000000002e-8 0.000017925832523711765 0.001
r -48 64 32 64 0 1000
f 336 48 368 48 33 1.5 0.02
r 288 -112 288 48 0 68000
r 176 64 176 224 0 160000
w 368 32 368 -32 0
v 448 224 448 -112 0 0 40 12 12 0 0.5
w 448 224 368 224 0
w 368 -112 448 -112 0
r 368 192 368 112 0 50
w 368 64 368 112 0
w 368 192 368 224 0
w 368 -32 368 -112 0
w 288 -112 368 -112 0
w 288 48 336 48 0
f 176 64 240 64 32 1.45 20
w 240 80 240 224 0
w 240 48 288 48 0
w 96 224 176 224 0
w 176 224 240 224 0
w 240 224 368 224 0
w 176 64 96 64 0
w 96 64 80 64 0
R -64 144 -64 176 0 2 25000 3.3 3.3 0 0.05
s -64 64 -64 144 0 1 false
d 32 64 80 64 2 default
w -64 64 -48 64 0
o 24 64 0 4099 10 0.00009765625 0 2 24 3
o 15 64 0 4099 40 0.00009765625 1 2 15 3
o 3 64 0 4099 40 0.00009765625 2 2 3 3
o 10 64 0 4099 0.000152587890625 0.00009765625 3 2 10 3
